14295.87912087912
14295.87912087912
14295.87912087912
14295.87912087912
14295.87912087912
14295.87912087912
14295.87912087912
14295.87912087912
14295.87912087912
14295.87912087912
14295.87912087912
14295.87912087912
14295.87912087912
14295.87912087912
14295.87912087912
14295.87912087912
14295.87912087912
14295.87912087912
14295.87912087912
14295.87912087912
14295.87912087912
14295.87912087912
14295.87912087912
14295.87912087912
14295.87912087912
14295.87912087912
14295.87912087912
14295.87912087912
14295.87912087912
14295.87912087912
14295.87912087912
14295.87912087912
14295.87912087912
14295.87912087912
14295.87912087912
14295.87912087912
14295.87912087912
14295.87912087912
14295.87912087912
14295.87912087912
14295.87912087912
14295.87912087912
14295.87912087912
14295.87912087912
14295.87912087912
14295.87912087912
14295.87912087912
14295.87912087912
14295.87912087912
14295.87912087912
14295.87912087912
14295.87912087912
14295.87912087912
14295.87912087912
14295.87912087912
14295.87912087912
14295.87912087912
14295.87912087912
14295.87912087912
14295.87912087912
14295.87912087912
14295.87912087912
14295.87912087912
14295.87912087912
14295.87912087912
14295.87912087912
14295.87912087912
14295.87912087912
14295.87912087912
14295.87912087912
14295.87912087912
14295.87912087912
14295.87912087912
14295.87912087912
14295.87912087912
14295.87912087912
14295.87912087912
14295.87912087912
14295.87912087912
14295.87912087912
14295.87912087912
14295.87912087912
14295.87912087912
14295.87912087912
14295.87912087912
14295.87912087912
14295.87912087912
14295.87912087912
14295.87912087912
14295.87912087912
14295.87912087912
14295.87912087912
14295.87912087912
14295.87912087912
14295.87912087912
14295.87912087912
14295.87912087912
14295.87912087912
14295.87912087912
14295.87912087912
14295.87912087912
14295.87912087912
14295.87912087912
14295.87912087912
14295.87912087912
14295.87912087912
14295.87912087912
14295.87912087912
14295.87912087912
14295.87912087912
14295.87912087912
14295.87912087912
14295.87912087912
14295.87912087912
14295.87912087912
14295.87912087912
14295.87912087912
14295.87912087912
14295.87912087912
14295.87912087912
14295.87912087912
14295.87912087912
14295.87912087912
14295.87912087912
14295.87912087912
14295.87912087912
14295.87912087912
14295.87912087912
14295.87912087912
14295.87912087912
14295.87912087912
14295.87912087912
14295.87912087912
14295.87912087912
14295.87912087912
14295.87912087912
14295.87912087912
14295.87912087912
14295.87912087912
14295.87912087912
14295.87912087912
14295.87912087912
14295.87912087912
14295.87912087912
14295.87912087912
14295.87912087912
14295.87912087912
14295.87912087912
14295.87912087912
14295.87912087912
14295.87912087912
14295.87912087912
14295.87912087912
14295.87912087912
14295.87912087912
14295.87912087912
14295.87912087912
14295.87912087912
14295.87912087912
14295.87912087912
14295.87912087912
14295.87912087912
14295.87912087912
14295.87912087912
14295.87912087912
14295.87912087912
14295.87912087912
14295.87912087912
14295.87912087912
14295.87912087912
14295.87912087912
14295.87912087912
14295.87912087912
14295.87912087912
14295.87912087912
14295.87912087912
14295.87912087912
14295.87912087912
14295.87912087912
14295.87912087912
14295.87912087912
14295.87912087912
14295.87912087912
14295.87912087912
14295.87912087912
14295.87912087912
14295.87912087912
14295.87912087912
14295.87912087912
14295.87912087912
14295.87912087912
14295.87912087912
14295.87912087912
14295.87912087912
14295.87912087912
14295.87912087912
14295.87912087912
14295.87912087912
14295.87912087912
14295.87912087912
14295.87912087912
14295.87912087912
14295.87912087912
14295.87912087912
14295.87912087912
14295.87912087912
14295.87912087912
14295.87912087912
14295.87912087912
14295.87912087912
14977.4026035535
14295.87912087912
14295.87912087912
14295.87912087912
14295.87912087912
14295.87912087912
14295.87912087912
14295.87912087912
14295.87912087912
14295.87912087912
14295.87912087912
14295.87912087912
14295.87912087912
14295.87912087912
14295.87912087912
14295.87912087912
14295.87912087912
14295.87912087912
14295.87912087912
14295.87912087912
14295.87912087912
15232.848297213624
14977.4026035535
14295.87912087912
14295.87912087912
14295.87912087912
14295.87912087912
14295.87912087912
14295.87912087912
14295.87912087912
14295.87912087912
14295.87912087912
14295.87912087912
14295.87912087912
14295.87912087912
14295.87912087912
14295.87912087912
14295.87912087912
14295.87912087912
14295.87912087912
14295.87912087912
14295.87912087912
16644.936807614296
15232.848297213623
14977.4026035535
14295.87912087912
14295.87912087912
14295.87912087912
14295.87912087912
14295.87912087912
14295.87912087912
14295.87912087912
14295.87912087912
14295.87912087912
14295.87912087912
14295.87912087912
14295.87912087912
14295.87912087912
14295.87912087912
14295.87912087912
14295.87912087912
14295.87912087912
14295.87912087912
17395.410471881056
16644.936807614296
15232.848297213624
14977.4026035535
14295.87912087912
14295.87912087912
14295.87912087912
14295.87912087912
14295.87912087912
14295.87912087912
14295.87912087912
14295.87912087912
14295.87912087912
14295.87912087912
14295.87912087912
14295.87912087912
14295.87912087912
14295.87912087912
14295.87912087912
14295.87912087912
14295.87912087912
17395.410471881056
17395.41047188106
16644.936807614296
15232.848297213619
14977.4026035535
14295.87912087912
14295.87912087912
14295.87912087912
14295.87912087912
14295.87912087912
14295.87912087912
14295.87912087912
14295.87912087912
14295.87912087912
14295.87912087912
14295.87912087912
14295.87912087912
14295.87912087912
14295.87912087912
14295.87912087912
14295.87912087912
17395.410471881056
17395.41047188106
17395.41047188106
16644.936807614285
15232.848297213623
14977.402603553497
14295.87912087912
14295.87912087912
14295.87912087912
14295.87912087912
14295.87912087912
14295.87912087912
14295.87912087912
14295.87912087912
14295.87912087912
14295.87912087912
14295.87912087912
14295.87912087912
14295.87912087912
14295.87912087912
14295.87912087912
17395.410471881056
17395.41047188106
17395.41047188106
17395.41047188106
16644.936807614285
15232.848297213624
14977.402603553499
14295.87912087912
14295.87912087912
14295.87912087912
14295.87912087912
14295.87912087912
14295.87912087912
14295.87912087912
14295.87912087912
14295.87912087912
14295.87912087912
14295.87912087912
14295.87912087912
14295.87912087912
14295.87912087912
17395.410471881056
17395.41047188106
17395.41047188106
17395.41047188106
17395.41047188106
16644.93680761429
15232.848297213624
14977.402603553499
14295.87912087912
14295.87912087912
14295.87912087912
14295.87912087912
14295.87912087912
14295.87912087912
14295.87912087912
14295.87912087912
14295.87912087912
14295.87912087912
14295.87912087912
14295.87912087912
14295.87912087912
17395.410471881056
17395.41047188106
17395.41047188106
17395.41047188106
17395.41047188106
17395.41047188106
16644.936807614285
15232.848297213624
14977.402603553499
14295.87912087912
14295.87912087912
14295.87912087912
14295.87912087912
14295.87912087912
14295.87912087912
14295.87912087912
14295.87912087912
14295.87912087912
14295.87912087912
14295.87912087912
14295.87912087912
17395.410471881056
17395.41047188106
17395.41047188106
17395.41047188106
17395.41047188106
17395.41047188106
17395.41047188106
16644.936807614285
15232.848297213624
14977.402603553499
14295.87912087912
14295.87912087912
14295.87912087912
14295.87912087912
14295.87912087912
14295.87912087912
14295.87912087912
14295.87912087912
14295.87912087912
14295.87912087912
14295.87912087912
17395.410471881056
17395.41047188106
17395.41047188106
17395.41047188106
17395.41047188106
17395.41047188106
17395.41047188106
17395.41047188106
16644.936807614285
15232.848297213624
14977.402603553499
14295.87912087912
14295.87912087912
14295.87912087912
14295.87912087912
14295.87912087912
14295.87912087912
14295.87912087912
14295.87912087912
14295.87912087912
14295.87912087912
