5199.175824175823
5199.175824175823
5199.175824175823
5199.175824175823
5199.175824175823
5199.175824175823
5199.175824175823
5199.175824175823
5199.175824175823
5199.175824175823
5199.175824175823
5199.175824175823
5199.175824175823
5199.175824175823
5199.175824175823
5199.175824175823
5199.175824175823
5199.175824175823
5199.175824175823
5199.175824175823
5199.175824175823
5199.175824175823
5199.175824175823
5199.175824175823
5199.175824175823
5199.175824175823
5199.175824175823
5199.175824175823
5199.175824175823
5199.175824175823
5199.175824175823
5199.175824175823
5199.175824175823
5199.175824175823
5199.175824175823
5199.175824175823
5199.175824175823
5199.175824175823
5199.175824175823
5199.175824175823
5199.175824175823
5199.175824175823
5199.175824175823
5199.175824175823
5199.175824175823
5199.175824175823
5199.175824175823
5199.175824175823
5199.175824175823
5199.175824175823
5199.175824175823
5199.175824175823
5199.175824175823
5199.175824175823
5199.175824175823
5199.175824175823
5199.175824175823
5199.175824175823
5199.175824175823
5199.175824175823
5199.175824175823
5199.175824175823
5199.175824175823
5199.175824175823
5199.175824175823
5199.175824175823
5199.175824175823
5199.175824175823
5199.175824175823
5199.175824175823
5199.175824175823
5199.175824175823
5199.175824175823
5199.175824175823
5199.175824175823
5199.175824175823
5199.175824175823
5199.175824175823
5199.175824175823
5199.175824175823
5199.175824175823
5199.175824175823
5199.175824175823
5199.175824175823
5199.175824175823
5199.175824175823
5199.175824175823
5199.175824175823
5199.175824175823
5199.175824175823
5199.175824175823
5199.175824175823
5199.175824175823
5199.175824175823
5199.175824175823
5199.175824175823
5199.175824175823
5199.175824175823
5199.175824175823
5199.175824175823
5199.175824175823
5199.175824175823
5199.175824175823
5199.175824175823
5199.175824175823
5199.175824175823
5199.175824175823
5199.175824175823
5199.175824175823
5199.175824175823
5199.175824175823
5199.175824175823
5199.175824175823
5199.175824175823
5199.175824175823
5199.175824175823
5199.175824175823
5199.175824175823
5199.175824175823
5199.175824175823
5199.175824175823
5199.175824175823
5199.175824175823
5199.175824175823
5199.175824175823
5199.175824175823
5199.175824175823
5199.175824175823
5199.175824175823
5199.175824175823
5199.175824175823
5199.175824175823
5199.175824175823
5199.175824175823
5199.175824175823
5199.175824175823
5199.175824175823
5199.175824175823
5199.175824175823
5199.175824175823
5199.175824175823
5199.175824175823
5199.175824175823
5199.175824175823
5199.175824175823
5199.175824175823
5199.175824175823
5199.175824175823
5199.175824175823
5199.175824175823
5199.175824175823
5199.175824175823
5199.175824175823
5199.175824175823
5199.175824175823
5199.175824175823
5199.175824175823
5199.175824175823
5199.175824175823
5199.175824175823
5199.175824175823
5199.175824175823
5199.175824175823
5199.175824175823
5199.175824175823
5199.175824175823
5199.175824175823
5199.175824175823
5199.175824175823
5199.175824175823
5199.175824175823
5199.175824175823
5199.175824175823
5199.175824175823
5199.175824175823
5199.175824175823
5199.175824175823
5199.175824175823
5199.175824175823
5199.175824175823
5199.175824175823
5199.175824175823
5199.175824175823
5199.175824175823
5199.175824175823
5199.175824175823
5199.175824175823
5199.175824175823
5199.175824175823
5199.175824175823
5199.175824175823
5199.175824175823
5199.175824175823
5199.175824175823
5199.175824175823
5199.175824175823
5199.175824175823
5199.175824175823
5199.175824175823
5199.175824175823
5199.175824175823
5199.175824175823
5199.175824175823
5199.175824175823
5199.175824175823
5199.175824175823
5199.175824175823
5199.175824175823
5199.175824175823
5199.175824175823
4977.402603553501
5199.175824175823
5199.175824175823
5199.175824175823
5199.175824175823
5199.175824175823
5199.175824175823
5199.175824175823
5199.175824175823
5199.175824175823
5199.175824175823
5199.175824175823
5199.175824175823
5199.175824175823
5199.175824175823
5199.175824175823
5199.175824175823
5199.175824175823
5199.175824175823
5199.175824175823
5199.175824175823
4844.860681114549
4977.402603553501
5199.175824175823
5199.175824175823
5199.175824175823
5199.175824175823
5199.175824175823
5199.175824175823
5199.175824175823
5199.175824175823
5199.175824175823
5199.175824175823
5199.175824175823
5199.175824175823
5199.175824175823
5199.175824175823
5199.175824175823
5199.175824175823
5199.175824175823
5199.175824175823
5199.175824175823
4644.936807614296
4844.860681114551
4977.402603553501
5199.175824175827
5199.175824175823
5199.175824175823
5199.175824175823
5199.175824175823
5199.175824175823
5199.175824175823
5199.175824175823
5199.175824175823
5199.175824175823
5199.175824175823
5199.175824175823
5199.175824175823
5199.175824175823
5199.175824175823
5199.175824175823
5199.175824175823
5199.175824175823
4491.725921137684
4644.936807614296
4844.860681114549
4977.402603553501
5199.175824175823
5199.175824175823
5199.175824175823
5199.175824175823
5199.175824175823
5199.175824175823
5199.175824175823
5199.175824175823
5199.175824175823
5199.175824175823
5199.175824175823
5199.175824175823
5199.175824175823
5199.175824175823
5199.175824175823
5199.175824175823
5199.175824175823
4491.725921137684
4491.725921137688
4644.936807614296
4844.860681114555
4977.402603553501
5199.175824175827
5199.175824175823
5199.175824175823
5199.175824175823
5199.175824175823
5199.175824175823
5199.175824175823
5199.175824175823
5199.175824175823
5199.175824175823
5199.175824175823
5199.175824175823
5199.175824175823
5199.175824175823
5199.175824175823
5199.175824175823
4491.725921137684
4491.725921137688
4491.725921137688
4644.9368076142855
4844.860681114551
4977.402603553497
5199.175824175823
5199.175824175823
5199.175824175823
5199.175824175823
5199.175824175823
5199.175824175823
5199.175824175823
5199.175824175823
5199.175824175823
5199.175824175823
5199.175824175823
5199.175824175823
5199.175824175823
5199.175824175823
5199.175824175823
4491.725921137684
4491.725921137688
4491.725921137688
4491.725921137688
4644.9368076142855
4844.860681114549
4977.402603553499
5199.175824175823
5199.175824175823
5199.175824175823
5199.175824175823
5199.175824175823
5199.175824175823
5199.175824175823
5199.175824175823
5199.175824175823
5199.175824175823
5199.175824175823
5199.175824175823
5199.175824175823
5199.175824175823
4491.725921137684
4491.725921137688
4491.725921137688
4491.725921137688
4491.725921137688
4644.936807614289
4844.860681114549
4977.402603553499
5199.175824175823
5199.175824175823
5199.175824175823
5199.175824175823
5199.175824175823
5199.175824175823
5199.175824175823
5199.175824175823
5199.175824175823
5199.175824175823
5199.175824175823
5199.175824175823
5199.175824175823
4491.725921137684
4491.725921137688
4491.725921137688
4491.725921137688
4491.725921137688
4491.725921137688
4644.9368076142855
4844.860681114549
4977.402603553499
5199.175824175823
5199.175824175823
5199.175824175823
5199.175824175823
5199.175824175823
5199.175824175823
5199.175824175823
5199.175824175823
5199.175824175823
5199.175824175823
5199.175824175823
5199.175824175823
4491.725921137684
4491.725921137688
4491.725921137688
4491.725921137688
4491.725921137688
4491.725921137688
4491.725921137688
4644.9368076142855
4844.860681114549
4977.402603553499
5199.175824175823
5199.175824175823
5199.175824175823
5199.175824175823
5199.175824175823
5199.175824175823
5199.175824175823
5199.175824175823
5199.175824175823
5199.175824175823
5199.175824175823
4491.725921137684
4491.725921137688
4491.725921137688
4491.725921137688
4491.725921137688
4491.725921137688
4491.725921137688
4491.725921137688
4644.9368076142855
4844.860681114549
4977.402603553499
5199.175824175823
5199.175824175823
5199.175824175823
5199.175824175823
5199.175824175823
5199.175824175823
5199.175824175823
5199.175824175823
5199.175824175823
5199.175824175823
